3 0.109325 0.0361683
6 0.127661 0.0384365
9 0.134476 0.037818
12 0.139143 0.0434302
15 0.143477 0.044859
18 0.146369 0.0383881
21 0.148269 0.0320852
24 0.153568 0.0304671
27 0.158756 0.0274909
30 0.159191 0.0426514
33 0.160951 0.0707884
36 0.161464 0.0649266
39 0.161605 0.0584086
42 0.162118 0.0518696
45 0.161719 0.0489628
48 0.163176 0.0410023
51 0.165449 0.0370789
54 0.168537 0.0368543
57 0.170994 0.032831
60 0.168627 0.0343918
63 0.167503 0.0337442
66 0.168263 0.0306176
69 0.169435 0.028861
72 0.171559 0.0276741
75 0.173702 0.0256326
78 0.175422 0.0279024
81 0.181908 0.0288019
84 0.193198 0.0354323
87 0.206232 0.0320559
90 0.220296 0.0377725
93 0.221029 0.0471464
96 0.217796 0.0526495
99 0.221135 0.0426515
102 0.222867 0.0304814
105 0.223552 0.0426773
108 0.232099 0.0404927
111 0.241873 0.0446623
114 0.250556 0.059498
117 0.254405 0.0760267
120 0.254793 0.0826446
123 0.255819 0.0743916
126 0.256877 0.0789023
129 0.259119 0.0665068
132 0.261842 0.0675557
135 0.263492 0.0663069
138 0.264378 0.0716158
141 0.264362 0.0821034
144 0.262446 0.078757
147 0.263402 0.0796285
150 0.264049 0.0750706
153 0.262853 0.0509208
156 0.259997 0.0387324
159 0.255894 0.0702311
162 0.254224 0.0615228
165 0.251144 0.0675732
168 0.250004 0.0684017
171 0.243652 0.0727973
174 0.241543 0.0457355
177 0.239067 0.0652453
180 0.238373 0.043524
183 0.237993 0.0324515
186 0.23668 0.0339144
189 0.236547 0.0274869
192 0.235277 0.0215039
195 0.236159 0.0282399
198 0.236422 0.0144878
201 0.237562 0.0118525
204 0.238444 0.013781
207 0.238232 0.0112084
210 0.23891 0.0142995
213 0.238354 0.0124651
216 0.237672 0.0108656
219 0.235849 0.0367702
222 0.236884 0.0181273
225 0.236751 0.01327
228 0.237801 0.0149813
231 0.237503 0.0157363
234 0.239149 0.0142111
237 0.237574 0.0112686
240 0.233055 0.0110602
243 0.234059 0.00553694
246 0.233776 0.0143274
249 0.234035 0.00673146
252 0.233475 0.0103703
255 0.233874 0.00780137
258 0.234497 0.00993189
261 0.234129 0.010666
264 0.234254 0.0163785
267 0.233937 0.0106927
270 0.23262 0.0261625
273 0.233134 0.00921204
276 0.235955 0.00634266
279 0.237566 0.00799039
282 0.242225 0.0128711
285 0.244835 0.0195377
288 0.242566 0.0183599
291 0.238346 0.00791533
294 0.233439 0.0132785
297 0.231225 0.0130381
300 0.231006 0.00799328
303 0.231457 0.0225018
306 0.231625 0.0232931
309 0.235689 0.0179526
312 0.236206 0.0090579
315 0.238299 0.00701476
318 0.237413 0.0136123
321 0.237719 0.0185577
324 0.238201 0.0132177
327 0.238843 0.0236589
330 0.239388 0.0198956
333 0.23882 0.0126836
336 0.238338 0.00907122
339 0.240709 0.00669936
342 0.244134 0.00862506
